201512050626, 1, 
201512051832, 0, 
201512060722, 1, 
201512061902, 0, 
201512070818, 1, 
201512071934, 0, 
201512080914, 1, 
201512082008, 0, 
201512091010, 1, 
201512092046, 0, 
201512101108, 1, 
201512102128, 0, 
201512111204, 1, 
201512112216, 0, 
201512121258, 1, 
201512122310, 0, 
201512131348, 1, 
201512140008, 0, 
201512141434, 1, 
201512150110, 0, 
201512151518, 1, 
201512160214, 0, 
201512161556, 1, 
201512170320, 0, 
201512171634, 1, 
201512180426, 0, 
201512181708, 1, 
201512190534, 0, 
201512191744, 1, 
201512200642, 0, 
201512201822, 1, 
201512210750, 0, 
201512211902, 1, 
201512220858, 0, 
201512221946, 1, 
201512231006, 0, 
201512232034, 1, 
201512241108, 0, 
201512242126, 1, 
201512251208, 0, 
201512252222, 1, 
201512261300, 0, 
201512262322, 1, 
201512271346, 0, 
201512280022, 1, 
201512281426, 0, 
201512290122, 1, 
201512291502, 0, 
201512300220, 1, 
201512301534, 0, 
201512310318, 1, 
201512311604, 0, 
201601010414, 1, 
201601011634, 0, 
201601020510, 1, 
201601021702, 0, 
201601030606, 1, 
201601031734, 0, 
201601040702, 1, 
201601041806, 0, 
201601050758, 1, 
201601051842, 0, 
201601060856, 1, 
201601061922, 0, 
201601070952, 1, 
201601072008, 0, 
201601081048, 1, 
201601082058, 0, 
201601091140, 1, 
201601092156, 0, 
201601101230, 1, 
201601102258, 0, 
201601111316, 1, 
201601120002, 0, 
201601121356, 1, 
201601130110, 0, 
201601131436, 1, 
201601140218, 0, 
201601141512, 1, 
201601150326, 0, 
201601151548, 1, 
201601160434, 0, 
201601161624, 1, 
201601170542, 0, 
201601171702, 1, 
201601180648, 0, 
201601181744, 1, 
201601190754, 0, 
201601191828, 1, 
201601200856, 0, 
201601201918, 1, 
201601210956, 0, 
201601212012, 1, 
201601221050, 0, 
201601222108, 1, 
201601231138, 0, 
201601232208, 1, 
201601241220, 0, 
201601242308, 1, 
201601251258, 0, 
201601260006, 1, 
201601261332, 0, 
201601270106, 1, 
201601271404, 0, 
201601280202, 1, 
201601281434, 0, 
201601290258, 1, 
201601291504, 0, 
201601300354, 1, 
201601301534, 0, 
201601310450, 1, 
201601311606, 0, 
201602010546, 1, 
201602011638, 0, 
201602020642, 1, 
201602021716, 0, 
201602030738, 1, 
201602031758, 0, 
201602040832, 1, 
201602041846, 0, 
201602050926, 1, 
201602051940, 0, 
201602061018, 1, 
201602062040, 0, 
201602071106, 1, 
201602072144, 0, 
201602081150, 1, 
201602082252, 0, 
201602091232, 1, 
201602100002, 0, 
201602101310, 1, 
201602110112, 0, 
201602111348, 1, 
201602120222, 0, 
201602121426, 1, 
201602130332, 0, 
201602131504, 1, 
201602140440, 0, 
201602141544, 1, 
201602150546, 0, 
201602151628, 1, 
201602160650, 0, 
201602161716, 1, 
201602170750, 0, 
201602171806, 1, 
201602180844, 0, 
201602181902, 1, 
201602190934, 0, 
201602191958, 1, 
201602201018, 0, 
201602202058, 1, 
201602211056, 0, 
201602212156, 1, 
201602221132, 0, 
201602222254, 1, 
201602231204, 0, 
201602232352, 1, 
201602241236, 0, 
201602250048, 1, 
201602251306, 0, 
201602260144, 1, 
201602261334, 0, 
201602270240, 1, 
201602271406, 0, 
201602280336, 1, 
201602281438, 0, 
201602290430, 1, 
201602291514, 0, 
201603010526, 1, 
201603011552, 0, 
201603020620, 1, 
201603021636, 0, 
201603030714, 1, 
201603031726, 0, 
201603040806, 1, 
201603041822, 0, 
201603050854, 1, 
201603051922, 0, 
201603060940, 1, 
201603062028, 0, 
201603071022, 1, 
201603072136, 0, 
201603081102, 1, 
201603082248, 0, 
201603091142, 1, 
201603100000, 0, 
201603101220, 1, 
201603110112, 0, 
201603111300, 1, 
201603120224, 0, 
201603121340, 1, 
201603130334, 0, 
201603131424, 1, 
201603140442, 0, 
201603141512, 1, 
201603150544, 0, 
201603151604, 1, 
201603160642, 0, 
201603161658, 1, 
201603170732, 0, 
201603171754, 1, 
201603180818, 0, 
201603181852, 1, 
201603190858, 0, 
201603191950, 1, 
201603200934, 0, 
201603202048, 1, 
201603211006, 0, 
201603212144, 1, 
201603221038, 0, 
201603222242, 1, 
201603231108, 0, 
201603232338, 1, 
201603241136, 0, 
201603250034, 1, 
201603251206, 0, 
201603260128, 1, 
201603261238, 0, 
201603270224, 1, 
201603271312, 0, 
201603280318, 1, 
201603281350, 0, 
201603290414, 1, 
201603291432, 0, 
201603300506, 1, 
201603301518, 0, 
201603310556, 1, 
201603311610, 0, 
201604010646, 1, 
201604011706, 0, 
201604020730, 1, 
201604021808, 0, 
201604030814, 1, 
201604031914, 0, 
201604040854, 1, 
201604042022, 0, 
201604050932, 1, 
201604052134, 0, 
201604061012, 1, 
201604062246, 0, 
201604071050, 1, 
201604080000, 0, 
201604081132, 1, 
201604090112, 0, 
201604091216, 1, 
201604100224, 0, 
201604101304, 1, 
201604110332, 0, 
201604111354, 1, 
201604120432, 0, 
201604121450, 1, 
201604130528, 0, 
201604131546, 1, 
201604140616, 0, 
201604141646, 1, 
201604150658, 0, 
201604151744, 1, 
201604160736, 0, 
201604161842, 1, 
201604170810, 0, 
201604171940, 1, 
201604180840, 0, 
201604182036, 1, 
201604190910, 0, 
201604192132, 1, 
201604200940, 0, 
201604202228, 1, 
201604211010, 0, 
201604212322, 1, 
201604221040, 0, 
201604230018, 1, 
201604231114, 0, 
201604240114, 1, 
201604241150, 0, 
201604250208, 1, 
201604251230, 0, 
201604260302, 1, 
201604261314, 0, 
201604270354, 1, 
201604271404, 0, 
201604280442, 1, 
201604281458, 0, 
201604290528, 1, 
201604291556, 0, 
201604300610, 1, 
201604301658, 0, 
201605010650, 1, 
201605011802, 0, 
201605020728, 1, 
201605021910, 0, 
201605030804, 1, 
201605032020, 0, 
201605040842, 1, 
201605042132, 0, 
201605050922, 1, 
201605052246, 0, 
201605061004, 1, 
201605062358, 0, 
201605071050, 1, 
201605080110, 0, 
201605081140, 1, 
201605090216, 0, 
201605091234, 1, 
201605100316, 0, 
201605101334, 1, 
201605110410, 0, 
201605111434, 1, 
201605120456, 0, 
201605121534, 1, 
201605130536, 0, 
201605131634, 1, 
201605140612, 0, 
201605141732, 1, 
201605150644, 0, 
201605151830, 1, 
201605160714, 0, 
201605161926, 1, 
201605170742, 0, 
201605172022, 1, 
201605180812, 0, 
201605182116, 1, 
201605190842, 0, 
201605192212, 1, 
201605200914, 0, 
201605202308, 1, 
201605210950, 0, 
201605220004, 1, 
201605221028, 0, 
201605230058, 1, 
201605231112, 0, 
201605240150, 1, 
201605241200, 0, 
201605250240, 1, 
201605251252, 0, 
201605260328, 1, 
201605261350, 0, 
201605270410, 1, 
201605271450, 0, 
201605280450, 1, 
201605281552, 0, 
201605290528, 1, 
201605291658, 0, 
201605300604, 1, 
201605301804, 0, 
201605310640, 1, 
201605311912, 0, 
201606010716, 1, 
201606012024, 0, 
201606020756, 1, 
201606022134, 0, 
201606030838, 1, 
201606032246, 0, 
201606040926, 1, 
201606042354, 0, 
201606051018, 1, 
201606060100, 0, 
201606061116, 1, 
201606070158, 0, 
201606071216, 1, 
201606080248, 0, 
201606081318, 1, 
201606090332, 0, 
201606091420, 1, 
201606100410, 0, 
201606101520, 1, 
201606110444, 0, 
201606111620, 1, 
201606120516, 0, 
201606121716, 1, 
201606130546, 0, 
201606131814, 1, 
201606140614, 0, 
201606141908, 1, 
201606150644, 0, 
201606152004, 1, 
201606160716, 0, 
201606162100, 1, 
201606170750, 0, 
201606172156, 1, 
201606180826, 0, 
201606182252, 1, 
201606190908, 0, 
201606192346, 1, 
201606200956, 0, 
201606210038, 1, 
201606211046, 0, 
201606220126, 1, 
201606221142, 0, 
201606230210, 1, 
201606231242, 0, 
201606240252, 1, 
201606241346, 0, 
201606250330, 1, 
201606251450, 0, 
201606260406, 1, 
201606261556, 0, 
201606270442, 1, 
201606271702, 0, 
201606280516, 1, 
201606281810, 0, 
201606290554, 1, 
201606291918, 0, 
201606300634, 1, 
201606302028, 0, 
201607010716, 1, 
201607012136, 0, 
201607020806, 1, 
201607022242, 0, 
201607030900, 1, 
201607032342, 0, 
201607040958, 1, 
201607050036, 0, 
201607051100, 1, 
201607060124, 0, 
201607061202, 1, 
201607070206, 0, 
201607071304, 1, 
201607080242, 0, 
201607081406, 1, 
201607090316, 0, 
201607091504, 1, 
201607100346, 0, 
201607101602, 1, 
201607110416, 0, 
201607111658, 1, 
201607120446, 0, 
201607121754, 1, 
201607130516, 0, 
201607131850, 1, 
201607140550, 0, 
201607141946, 1, 
201607150624, 0, 
201607152042, 1, 
201607160704, 0, 
201607162136, 1, 
201607170748, 0, 
201607172230, 1, 
201607180838, 0, 
201607182320, 1, 
201607190934, 0, 
201607200008, 1, 
201607201032, 0, 
201607210050, 1, 
201607211136, 0, 
201607220132, 1, 
201607221240, 0, 
201607230208, 1, 
201607231348, 0, 
201607240244, 1, 
201607241454, 0, 
201607250320, 1, 
201607251602, 0, 
201607260356, 1, 
201607261710, 0, 
201607270434, 1, 
201607271818, 0, 
201607280514, 1, 
201607281924, 0, 
201607290600, 1, 
201607292030, 0, 
201607300650, 1, 
201607302130, 0, 
201607310746, 1, 
201607312226, 0, 
201608010846, 1, 
201608012316, 0, 
201608020946, 1, 
201608030000, 0, 
201608031050, 1, 
201608040040, 0, 
201608041150, 1, 
201608050114, 0, 
201608051252, 1, 
201608060146, 0, 
201608061350, 1, 
201608070218, 0, 
201608071448, 1, 
201608080246, 0, 
201608081544, 1, 
201608090318, 0, 
201608091640, 1, 
201608100348, 0, 
201608101736, 1, 
201608110422, 0, 
201608111830, 1, 
201608120500, 0, 
201608121924, 1, 
201608130542, 0, 
201608132018, 1, 
201608140628, 0, 
201608142110, 1, 
201608150720, 0, 
201608152158, 1, 
201608160818, 0, 
201608162244, 1, 
201608170920, 0, 
201608172326, 1, 
201608181026, 0, 
201608190006, 1, 
201608191134, 0, 
201608200044, 1, 
201608201242, 0, 
201608210120, 1, 
201608211352, 0, 
201608220158, 1, 
201608221500, 0, 
201608230234, 1, 
201608231610, 0, 
201608240316, 1, 
201608241718, 0, 
201608250400, 1, 
201608251822, 0, 
201608260448, 1, 
201608261924, 0, 
201608270540, 1, 
201608272020, 0, 
201608280636, 1, 
201608282112, 0, 
201608290736, 1, 
201608292158, 0, 
201608300838, 1, 
201608302238, 0, 
201608310938, 1, 
201608312314, 0, 
201609011040, 1, 
201609012346, 0, 
201609021138, 1, 
201609030018, 0, 
201609031236, 1, 
201609040048, 0, 
201609041334, 1, 
201609050118, 0, 
201609051430, 1, 
201609060148, 0, 
201609061526, 1, 
201609070222, 0, 
201609071620, 1, 
201609080256, 0, 
201609081714, 1, 
201609090336, 0, 
201609091808, 1, 
201609100420, 0, 
201609101900, 1, 
201609110508, 0, 
201609111948, 1, 
201609120604, 0, 
201609122034, 1, 
201609130702, 0, 
201609132118, 1, 
201609140806, 0, 
201609142200, 1, 
201609150912, 0, 
201609152238, 1, 
201609161022, 0, 
201609162316, 1, 
201609171132, 0, 
201609172354, 1, 
201609181244, 0, 
201609190032, 1, 
201609191356, 0, 
201609200112, 1, 
201609201506, 0, 
201609210156, 1, 
201609211614, 0, 
201609220244, 1, 
201609221718, 0, 
201609230336, 1, 
201609231818, 0, 
201609240432, 1, 
201609241910, 0, 
201609250530, 1, 
201609251956, 0, 
201609260630, 1, 
201609262038, 0, 
201609270732, 1, 
201609272114, 0, 
201609280830, 1, 
201609282148, 0, 
201609290930, 1, 
201609292218, 0, 
201609301028, 1, 
201609302248, 0, 
201610011124, 1, 
201610012318, 0, 
201610021222, 1, 
201610022350, 0, 
201610031318, 1, 
201610040022, 0, 
201610041412, 1, 
201610050056, 0, 
201610051508, 1, 
201610060134, 0, 
201610061600, 1, 
201610070214, 0, 
201610071652, 1, 
201610080300, 0, 
201610081740, 1, 
201610090352, 0, 
201610091828, 1, 
201610100446, 0, 
201610101910, 1, 
201610110546, 0, 
201610111952, 1, 
201610120650, 0, 
201610122030, 1, 
201610130758, 0, 
201610132108, 1, 
201610140908, 0, 
201610142146, 1, 
201610151018, 0, 
201610152224, 1, 
201610161132, 0, 
201610162304, 1, 
201610171246, 0, 
201610172348, 1, 
201610181358, 0, 
201610190036, 1, 
201610191506, 0, 
201610200128, 1, 
201610201610, 0, 
201610210224, 1, 
201610211706, 0, 
201610220324, 1, 
201610221756, 0, 
201610230424, 1, 
201610231838, 0, 
201610240526, 1, 
201610241916, 0, 
201610250626, 1, 
201610251950, 0, 
201610260724, 1, 
201610262022, 0, 
201610270822, 1, 
201610272052, 0, 
201610280918, 1, 
201610282122, 0, 
201610291016, 1, 
201610292152, 0, 
201610301112, 1, 
201610302222, 0, 
201610311206, 1, 
201610312256, 0, 
201611011302, 1, 
201611012332, 0, 
201611021356, 1, 
201611030012, 0, 
201611031448, 1, 
201611040056, 0, 
201611041538, 1, 
201611050144, 0, 
201611051624, 1, 
201611060238, 0, 
201611061708, 1, 
201611070334, 0, 
201611071748, 1, 
201611080434, 0, 
201611081826, 1, 
201611090538, 0, 
201611091904, 1, 
201611100644, 0, 
201611101938, 1, 
201611110752, 0, 
201611112016, 1, 
201611120904, 0, 
201611122054, 1, 
201611131016, 0, 
201611132136, 1, 
201611141130, 0, 
201611142220, 1, 
201611151244, 0, 
201611152312, 1, 
201611161352, 0, 
201611170008, 1, 
201611171454, 0, 
201611180110, 1, 
201611181550, 0, 
201611190212, 1, 
201611191636, 0, 
201611200314, 1, 
201611201718, 0, 
201611210416, 1, 
201611211754, 0, 
201611220518, 1, 
201611221826, 0, 
201611230616, 1, 
201611231856, 0, 
201611240712, 1, 
201611241926, 0, 
201611250810, 1, 
201611251954, 0, 
201611260906, 1, 
201611262024, 0, 
201611271000, 1, 
201611272058, 0, 
201611281056, 1, 
201611282132, 0, 
201611291152, 1, 
201611292210, 0, 
201611301244, 1, 
201611302254, 0, 
201612011336, 1, 
201612012340, 0, 
201612021424, 1, 
201612030032, 0, 
201612031508, 1, 
201612040128, 0, 
201612041550, 1, 
201612050226, 0, 
201612051628, 1, 
201612060328, 0, 
201612061704, 1, 
201612070430, 0, 
201612071738, 1, 
201612080536, 0, 
201612081812, 1, 
201612090642, 0, 
201612091848, 1, 
201612100752, 0, 
201612101926, 1, 
201612110904, 0, 
201612112008, 1, 
201612121016, 0, 
201612122056, 1, 
201612131126, 0, 
201612132148, 1, 
201612141234, 0, 
201612142248, 1, 
201612151334, 0, 
201612152352, 1, 
201612161428, 0, 
201612170056, 1, 
201612171512, 0, 
201612180202, 1, 
201612181552, 0, 
201612190304, 1, 
201612191626, 0, 
201612200406, 1, 
201612201658, 0, 
201612210504, 1, 
201612211728, 0, 
201612220602, 1, 
201612221758, 0, 
201612230658, 1, 
201612231828, 0, 
201612240754, 1, 
201612241858, 0, 
201612250850, 1, 
201612251932, 0, 
201612260944, 1, 
201612262010, 0, 
201612271038, 1, 
201612272050, 0, 
201612281130, 1, 
201612282136, 0, 
201612291220, 1, 
201612292228, 0, 
201612301308, 1, 
201612302322, 0, 
201612311350, 1, 
201701010020, 0, 
201701011430, 1, 
201701020120, 0, 
201701021506, 1, 
201701030222, 0, 
201701031542, 1, 
201701040326, 0, 
201701041614, 1, 
201701050432, 0, 
201701051648, 1, 
201701060538, 0, 
201701061724, 1, 
201701070646, 0, 
201701071802, 1, 
201701080756, 0, 
201701081846, 1, 
201701090904, 0, 
201701091934, 1, 
201701101012, 0, 
201701102028, 1, 
201701111116, 0, 
201701112128, 1, 
201701121212, 0, 
201701122234, 1, 
201701131302, 0, 
201701132340, 1, 
201701141346, 0, 
201701150044, 1, 
201701151424, 0, 
201701160148, 1, 
201701161458, 0, 
201701170250, 1, 
201701171528, 0, 
201701180350, 1, 
201701181558, 0, 
201701190448, 1, 
201701191628, 0, 
201701200544, 1, 
201701201700, 0, 
201701210640, 1, 
201701211732, 0, 
201701220736, 1, 
201701221808, 0, 
201701230830, 1, 
201701231848, 0, 
201701240922, 1, 
201701241932, 0, 
201701251014, 1, 
201701252020, 0, 
201701261102, 1, 
201701262114, 0, 
201701271148, 1, 
201701272212, 0, 
201701281228, 1, 
201701282312, 0, 
201701291308, 1, 
201701300014, 0, 
201701301344, 1, 
201701310120, 0, 
201701311418, 1, 
201702010224, 0, 
201702011452, 1, 
201702020330, 0, 
201702021526, 1, 
201702030438, 0, 
201702031604, 1, 
201702040544, 0, 
201702041644, 1, 
201702050652, 0, 
201702051728, 1, 
201702060758, 0, 
201702061818, 1, 
201702070902, 0, 
201702071914, 1, 
201702081000, 0, 
201702082016, 1, 
201702091052, 0, 
201702092120, 1, 
201702101136, 0, 
201702102224, 1, 
201702111218, 0, 
201702112330, 1, 
201702121254, 0, 
201702130032, 1, 
201702131326, 0, 
201702140134, 1, 
201702141358, 0, 
201702150234, 1, 
201702151428, 0, 
201702160332, 1, 
201702161458, 0, 
201702170428, 1, 
201702171532, 0, 
201702180524, 1, 
201702181606, 0, 
201702190620, 1, 
201702191642, 0, 
201702200712, 1, 
201702201724, 0, 
201702210804, 1, 
201702211810, 0, 
201702220854, 1, 
201702221902, 0, 
201702230940, 1, 
201702231958, 0, 
201702241024, 1, 
201702242058, 0, 
201702251104, 1, 
201702252200, 0, 
201702261142, 1, 
201702262306, 0, 
201702271216, 1, 
201702280012, 0, 
201702281252, 1, 
201703010120, 0, 
201703011328, 1, 
201703020228, 0, 
201703021404, 1, 
201703030336, 0, 
201703031444, 1, 
201703040444, 0, 
201703041526, 1, 
201703050552, 0, 
201703051614, 1, 
201703060654, 0, 
201703061708, 1, 
201703070752, 0, 
201703071806, 1, 
201703080846, 0, 
201703081908, 1, 
201703090932, 0, 
201703092012, 1, 
201703101014, 0, 
201703102114, 1, 
201703111050, 0, 
201703112218, 1, 
201703121124, 0, 
201703122320, 1, 
201703131156, 0, 
201703140020, 1, 
201703141226, 0, 
201703150118, 1, 
201703151258, 0, 
201703160216, 1, 
201703161330, 0, 
201703170314, 1, 
201703171402, 0, 
201703180410, 1, 
201703181438, 0, 
201703190504, 1, 
201703191518, 0, 
201703200556, 1, 
201703201602, 0, 
201703210646, 1, 
201703211650, 0, 
201703220732, 1, 
201703221744, 0, 
201703230816, 1, 
201703231840, 0, 
201703240856, 1, 
201703241942, 0, 
201703250936, 1, 
201703252046, 0, 
201703261012, 1, 
201703262152, 0, 
201703271048, 1, 
201703272300, 0, 
201703281124, 1, 
201703290010, 0, 
201703291200, 1, 
201703300122, 0, 
201703301240, 1, 
201703310232, 0, 
201703311324, 1, 
201704010342, 0, 
201704011410, 1, 
201704020448, 0, 
201704021504, 1, 
201704030548, 0, 
201704031600, 1, 
201704040644, 0, 
201704041702, 1, 
201704050732, 0, 
201704051804, 1, 
201704060814, 0, 
201704061906, 1, 
201704070852, 0, 
201704072008, 1, 
201704080926, 0, 
201704082110, 1, 
201704090958, 0, 
201704092210, 1, 
201704101028, 0, 
201704102308, 1, 
201704111058, 0, 
201704120006, 1, 
201704121128, 0, 
201704130104, 1, 
201704131202, 0, 
201704140200, 1, 
201704141236, 0, 
201704150256, 1, 
201704151314, 0, 
201704160348, 1, 
201704161356, 0, 
201704170438, 1, 
201704171442, 0, 
201704180526, 1, 
201704181534, 0, 
201704190610, 1, 
201704191628, 0, 
201704200652, 1, 
201704201726, 0, 
201704210730, 1, 
201704211826, 0, 
201704220808, 1, 
201704221932, 0, 
201704230842, 1, 
201704232038, 0, 
201704240918, 1, 
201704242146, 0, 
201704250954, 1, 
201704252258, 0, 
201704261032, 1, 
201704270010, 0, 
201704271114, 1, 
201704280124, 0, 
201704281200, 1, 
201704290234, 0, 
201704291254, 1, 
201704300340, 0, 
201704301350, 1, 
201705010438, 0, 
201705011452, 1, 
201705020530, 0, 
201705021556, 1, 
201705030616, 0, 
201705031700, 1, 
201705040654, 0, 
201705041802, 1, 
201705050728, 0, 
201705051904, 1, 
201705060800, 0, 
201705062004, 1, 
201705070830, 0, 
201705072102, 1, 
201705080900, 0, 
201705082200, 1, 
201705090930, 0, 
201705092258, 1, 
201705101002, 0, 
201705102354, 1, 
201705111036, 0, 
201705120050, 1, 
201705121112, 0, 
201705130144, 1, 
201705131154, 0, 
201705140234, 1, 
201705141238, 0, 
201705150324, 1, 
201705151326, 0, 
201705160408, 1, 
201705161420, 0, 
201705170450, 1, 
201705171514, 0, 
201705180530, 1, 
201705181614, 0, 
201705190606, 1, 
201705191714, 0, 
201705200640, 1, 
201705201818, 0, 
201705210714, 1, 
201705211924, 0, 
201705220748, 1, 
201705222034, 0, 
201705230824, 1, 
201705232144, 0, 
201705240904, 1, 
201705242258, 0, 
201705250948, 1, 
201705260010, 0, 
201705261038, 1, 
201705270120, 0, 
201705271134, 1, 
201705280226, 0, 
201705281236, 1, 
201705290322, 0, 
201705291342, 1, 
201705300412, 0, 
201705301448, 1, 
201705310454, 0, 
201705311552, 1, 
201706010532, 0, 
201706011656, 1, 
201706020604, 0, 
201706021756, 1, 
201706030636, 0, 
201706031856, 1, 
201706040704, 0, 
201706041954, 1, 
201706050734, 0, 
201706052052, 1, 
201706060806, 0, 
201706062148, 1, 
201706070838, 0, 
201706072244, 1, 
201706080914, 0, 
201706082338, 1, 
201706090952, 0, 
201706100032, 1, 
201706101036, 0, 
201706110122, 1, 
201706111122, 0, 
201706120208, 1, 
201706121214, 0, 
201706130252, 1, 
201706131308, 0, 
201706140330, 1, 
201706141406, 0, 
201706150408, 1, 
201706151506, 0, 
201706160442, 1, 
201706161606, 0, 
201706170514, 1, 
201706171710, 0, 
201706180546, 1, 
201706181816, 0, 
201706190620, 1, 
201706191924, 0, 
201706200656, 1, 
201706202034, 0, 
201706210738, 1, 
201706212144, 0, 
201706220824, 1, 
201706222256, 0, 
201706230916, 1, 
201706240004, 0, 
201706241016, 1, 
201706250108, 0, 
201706251120, 1, 
201706260202, 0, 
201706261228, 1, 
201706270248, 0, 
201706271336, 1, 
201706280330, 0, 
201706281442, 1, 
201706290406, 0, 
201706291546, 1, 
201706300438, 0, 
201706301648, 1, 
201707010508, 0, 
201707011746, 1, 
201707020538, 0, 
201707021844, 1, 
201707030608, 0, 
201707031942, 1, 
201707040640, 0, 
201707042038, 1, 
201707050714, 0, 
201707052132, 1, 
201707060752, 0, 
201707062226, 1, 
201707070834, 0, 
201707072318, 1, 
201707080920, 0, 
201707090006, 1, 
201707091010, 0, 
201707100050, 1, 
201707101104, 0, 
201707110132, 1, 
201707111200, 0, 
201707120210, 1, 
201707121300, 0, 
201707130244, 1, 
201707131400, 0, 
201707140318, 1, 
201707141502, 0, 
201707150350, 1, 
201707151606, 0, 
201707160422, 1, 
201707161710, 0, 
201707170456, 1, 
201707171818, 0, 
201707180534, 1, 
201707181926, 0, 
201707190614, 1, 
201707192036, 0, 
201707200702, 1, 
201707202144, 0, 
201707210758, 1, 
201707212248, 0, 
201707220858, 1, 
201707222346, 0, 
201707231006, 1, 
201707240038, 0, 
201707241114, 1, 
201707250122, 0, 
201707251222, 1, 
201707260202, 0, 
201707261328, 1, 
201707270236, 0, 
201707271432, 1, 
201707280308, 0, 
201707281534, 1, 
201707290338, 0, 
201707291634, 1, 
201707300410, 0, 
201707301732, 1, 
201707310440, 0, 
201707311830, 1, 
201708010514, 0, 
201708011926, 1, 
201708020550, 0, 
201708022020, 1, 
201708030630, 0, 
201708032112, 1, 
201708040714, 0, 
201708042202, 1, 
201708050804, 0, 
201708052248, 1, 
201708060856, 0, 
201708062330, 1, 
201708070952, 0, 
201708080010, 1, 
201708081052, 0, 
201708090046, 1, 
201708091154, 0, 
201708100120, 1, 
201708101256, 0, 
201708110152, 1, 
201708111358, 0, 
201708120226, 1, 
201708121504, 0, 
201708130258, 1, 
201708131608, 0, 
201708140334, 1, 
201708141716, 0, 
201708150412, 1, 
201708151824, 0, 
201708160456, 1, 
201708161930, 0, 
201708170546, 1, 
201708172034, 0, 
201708180644, 1, 
201708182134, 0, 
201708190746, 1, 
201708192226, 0, 
201708200852, 1, 
201708202314, 0, 
201708211002, 1, 
201708212356, 0, 
201708221108, 1, 
201708230032, 0, 
201708231214, 1, 
201708240106, 0, 
201708241318, 1, 
201708250138, 0, 
201708251420, 1, 
201708260208, 0, 
201708261520, 1, 
201708270240, 0, 
201708271618, 1, 
201708280312, 0, 
201708281716, 1, 
201708290348, 0, 
201708291810, 1, 
201708300426, 0, 
201708301904, 1, 
201708310508, 0, 
201708311954, 1, 
201709010556, 0, 
201709012042, 1, 
201709020646, 0, 
201709022126, 1, 
201709030742, 0, 
201709032206, 1, 
201709040840, 0, 
201709042244, 1, 
201709050942, 0, 
201709052320, 1, 
201709061044, 0, 
201709062354, 1, 
201709071148, 0, 
201709080026, 1, 
201709081254, 0, 
201709090100, 1, 
201709091400, 0, 
201709100134, 1, 
201709101508, 0, 
201709110214, 1, 
201709111616, 0, 
201709120256, 1, 
201709121722, 0, 
201709130344, 1, 
201709131826, 0, 
201709140436, 1, 
201709141926, 0, 
201709150536, 1, 
201709152020, 0, 
201709160640, 1, 
201709162108, 0, 
201709170746, 1, 
201709172150, 0, 
201709180852, 1, 
201709182228, 0, 
201709190958, 1, 
201709192302, 0, 
201709201102, 1, 
201709202334, 0, 
201709211204, 1, 
201709220006, 0, 
201709221306, 1, 
201709230038, 0, 
201709231406, 1, 
201709240110, 0, 
201709241504, 1, 
201709250144, 0, 
201709251600, 1, 
201709260222, 0, 
201709261654, 1, 
201709270302, 0, 
201709271746, 1, 
201709280348, 0, 
201709281834, 1, 
201709290436, 0, 
201709291920, 1, 
201709300530, 0, 
201709302002, 1, 
201710010626, 0, 
201710012040, 1, 
201710020726, 0, 
201710022116, 1, 
201710030828, 0, 
201710032150, 1, 
201710040932, 0, 
201710042224, 1, 
201710051038, 0, 
201710052258, 1, 
201710061146, 0, 
201710062332, 1, 
201710071256, 0, 
201710080010, 1, 
201710081406, 0, 
201710090052, 1, 
201710091514, 0, 
201710100140, 1, 
201710101620, 0, 
201710110232, 1, 
201710111722, 0, 
201710120330, 1, 
201710121818, 0, 
201710130432, 1, 
201710131908, 0, 
201710140536, 1, 
201710141950, 0, 
201710150642, 1, 
201710152028, 0, 
201710160746, 1, 
201710162102, 0, 
201710170850, 1, 
201710172134, 0, 
201710180952, 1, 
201710182206, 0, 
201710191054, 1, 
201710192236, 0, 
201710201154, 1, 
201710202308, 0, 
201710211252, 1, 
201710212342, 0, 
201710221350, 1, 
201710230018, 0, 
201710231446, 1, 
201710240058, 0, 
201710241540, 1, 
201710250140, 0, 
201710251630, 1, 
201710260228, 0, 
201710261716, 1, 
201710270318, 0, 
201710271758, 1, 
201710280412, 0, 
201710281836, 1, 
201710290510, 0, 
201710291914, 1, 
201710300610, 0, 
201710301948, 1, 
201710310712, 0, 
201710312020, 1, 
201711010818, 0, 
201711012054, 1, 
201711020924, 0, 
201711022128, 1, 
201711031034, 0, 
201711032204, 1, 
201711041146, 0, 
201711042244, 1, 
201711051258, 0, 
201711052330, 1, 
201711061408, 0, 
201711070022, 1, 
201711071514, 0, 
201711080120, 1, 
201711081614, 0, 
201711090224, 1, 
201711091706, 0, 
201711100328, 1, 
201711101752, 0, 
201711110434, 1, 
201711111832, 0, 
201711120540, 1, 
201711121906, 0, 
201711130642, 1, 
201711131938, 0, 
201711140744, 1, 
201711142008, 0, 
201711150846, 1, 
201711152038, 0, 
201711160946, 1, 
201711162110, 0, 
201711171044, 1, 
201711172142, 0, 
201711181142, 1, 
201711182216, 0, 
201711191238, 1, 
201711192254, 0, 
201711201334, 1, 
201711202336, 0, 
201711211424, 1, 
201711220022, 0, 
201711221512, 1, 
201711230110, 0, 
201711231556, 1, 
201711240204, 0, 
201711241636, 1, 
201711250258, 0, 
201711251712, 1, 
201711260356, 0, 
201711261746, 1, 
201711270456, 0, 
201711271818, 1, 
201711280558, 0, 
201711281850, 1, 
201711290702, 0, 
201711291922, 1, 
201711300808, 0, 
201711301956, 1, 
201712010918, 0, 
201712012034, 1, 
201712021030, 0, 
201712022118, 1, 
201712031144, 0, 
201712032206, 1, 
201712041254, 0, 
201712042304, 1, 
201712051400, 0, 
201712060006, 1, 
201712061458, 0, 
201712070114, 1, 
201712071548, 0, 
201712080222, 1, 
201712081632, 0, 
201712090330, 1, 
201712091710, 0, 
201712100434, 1, 
201712101742, 0, 
201712110538, 1, 
201712111814, 0, 
201712120640, 1, 
201712121844, 0, 
201712130740, 1, 
201712131914, 0, 
201712140838, 1, 
201712141944, 0, 
201712150936, 1, 
201712152018, 0, 
201712161032, 1, 
201712162054, 0, 
201712171128, 1, 
201712172134, 0, 
201712181220, 1, 
201712182218, 0, 
201712191310, 1, 
201712192306, 0, 
201712201354, 1, 
201712202358, 0, 
201712211436, 1, 
201712220052, 0, 
201712221514, 1, 
201712230148, 0, 
201712231548, 1, 
201712240246, 0, 
201712241620, 1, 
201712250346, 0, 
201712251650, 1, 
201712260448, 0, 
201712261722, 1, 
201712270550, 0, 
201712271754, 1, 
201712280656, 0, 
201712281828, 1, 
201712290804, 0, 
201712291906, 1, 
201712300916, 0, 
201712301950, 1, 
201712311026, 0, 
201712312042, 1, 
201801011136, 0, 
201801012142, 1, 
201801021240, 0, 
201801022248, 1, 
201801031336, 0, 
201801032358, 1, 
201801041424, 0, 
201801050110, 1, 
201801051506, 0, 
201801060220, 1, 
201801061542, 0, 
201801070326, 1, 
201801071616, 0, 
201801080430, 1, 
201801081646, 0, 
201801090532, 1, 
201801091716, 0, 
201801100632, 1, 
201801101748, 0, 
201801110730, 1, 
201801111820, 0, 
201801120826, 1, 
201801121854, 0, 
201801130922, 1, 
201801131932, 0, 
201801141016, 1, 
201801142016, 0, 
201801151106, 1, 
201801152102, 0, 
201801161152, 1, 
201801162152, 0, 
201801171236, 1, 
201801172246, 0, 
201801181314, 1, 
201801182342, 0, 
201801191350, 1, 
201801200040, 0, 
201801201424, 1, 
201801210140, 0, 
201801211454, 1, 
201801220240, 0, 
201801221524, 1, 
201801230342, 0, 
201801231556, 1, 
201801240444, 0, 
201801241628, 1, 
201801250548, 0, 
201801251702, 1, 
201801260656, 0, 
201801261742, 1, 
201801270804, 0, 
201801271828, 1, 
201801280912, 0, 
201801281922, 1, 
201801291018, 0, 
201801292024, 1, 
201801301118, 0, 
201801302132, 1, 
201801311210, 0, 
201801312242, 1, 
201802011256, 0, 
201802012354, 1, 
201802021336, 0, 
201802030104, 1, 
201802031412, 0, 
201802040212, 1, 
201802041444, 0, 
201802050318, 1, 
201802051516, 0, 
201802060420, 1, 
201802061548, 0, 
201802070520, 1, 
201802071620, 0, 
201802080618, 1, 
201802081654, 0, 
201802090714, 1, 
201802091732, 0, 
201802100810, 1, 
201802101812, 0, 
201802110900, 1, 
201802111858, 0, 
201802120950, 1, 
201802121946, 0, 
201802131034, 1, 
201802132040, 0, 
201802141114, 1, 
201802142136, 0, 
201802151152, 1, 
201802152234, 0, 
201802161226, 1, 
201802162334, 0, 
201802171258, 1, 
201802180034, 0, 
201802181328, 1, 
201802190136, 0, 
201802191358, 1, 
201802200238, 0, 
201802201430, 1, 
201802210342, 0, 
201802211504, 1, 
201802220446, 0, 
201802221540, 1, 
201802230552, 0, 
201802231622, 1, 
201802240700, 0, 
201802241712, 1, 
201802250804, 0, 
201802251808, 1, 
201802260904, 0, 
201802261910, 1, 
201802270958, 0, 
201802272018, 1, 
201802281046, 0, 
201802282130, 1, 
201803011128, 0, 
201803012240, 1, 
201803021206, 0, 
201803022350, 1, 
201803031240, 0, 
201803040056, 1, 
201803041312, 0, 
201803050202, 1, 
201803051344, 0, 
201803060304, 1, 
201803061418, 0, 
201803070406, 1, 
201803071452, 0, 
201803080504, 1, 
201803081528, 0, 
201803090600, 1, 
201803091608, 0, 
201803100654, 1, 
201803101652, 0, 
201803110744, 1, 
201803111740, 0, 
201803120830, 1, 
201803121830, 0, 
201803130912, 1, 
201803131926, 0, 
201803140950, 1, 
201803142024, 0, 
201803151024, 1, 
201803152122, 0, 
201803161058, 1, 
201803162224, 0, 
201803171128, 1, 
201803172326, 0, 
201803181200, 1, 
201803190028, 0, 
201803191232, 1, 
201803200134, 0, 
201803201304, 1, 
201803210240, 0, 
201803211340, 1, 
201803220346, 0, 
201803221422, 1, 
201803230452, 0, 
201803231508, 1, 
201803240556, 0, 
201803241600, 1, 
201803250658, 0, 
201803251700, 1, 
201803260752, 0, 
201803261804, 1, 
201803270840, 0, 
201803271912, 1, 
201803280924, 0, 
201803282022, 1, 
201803291002, 0, 
201803292130, 1, 
201803301036, 0, 
201803302238, 1, 
201803311108, 0, 
201803312344, 1, 
201804011140, 0, 
201804020048, 1, 
201804021214, 0, 
201804030150, 1, 
201804031246, 0, 
201804040252, 1, 
201804041322, 0, 
201804050350, 1, 
201804051402, 0, 
201804060446, 1, 
201804061444, 0, 
201804070536, 1, 
201804071530, 0, 
201804080624, 1, 
201804081620, 0, 
201804090708, 1, 
201804091714, 0, 
201804100748, 1, 
201804101810, 0, 
201804110824, 1, 
201804111908, 0, 
201804120856, 1, 
201804122008, 0, 
201804130928, 1, 
201804132110, 0, 
201804140958, 1, 
201804142214, 0, 
201804151030, 1, 
201804152320, 0, 
201804161104, 1, 
201804170026, 0, 
201804171138, 1, 
201804180136, 0, 
201804181218, 1, 
201804190244, 0, 
201804191304, 1, 
201804200350, 0, 
201804201356, 1, 
201804210454, 0, 
201804211454, 1, 
201804220550, 0, 
201804221556, 1, 
201804230640, 0, 
201804231702, 1, 
201804240724, 0, 
201804241810, 1, 
201804250802, 0, 
201804251918, 1, 
201804260836, 0, 
201804262024, 1, 
201804270908, 0, 
201804272130, 1, 
201804280940, 0, 
201804282234, 1, 
201804291012, 0, 
201804292336, 1, 
201804301044, 0, 
201805010038, 1, 
201805011118, 0, 
201805020138, 1, 
201805021156, 0, 
201805030236, 1, 
201805031238, 0, 
201805040330, 1, 
201805041322, 0, 
201805050418, 1, 
201805051412, 0, 
201805060504, 1, 
201805061504, 0, 
201805070544, 1, 
201805071558, 0, 
201805080622, 1, 
201805081656, 0, 
201805090656, 1, 
201805091754, 0, 
201805100728, 1, 
201805101854, 0, 
201805110758, 1, 
201805111956, 0, 
201805120828, 1, 
201805122100, 0, 
201805130900, 1, 
201805132208, 0, 
201805140934, 1, 
201805142316, 0, 
201805151012, 1, 
201805160026, 0, 
201805161056, 1, 
201805170136, 0, 
201805171146, 1, 
201805180244, 0, 
201805181244, 1, 
201805190344, 0, 
201805191346, 1, 
201805200438, 0, 
201805201454, 1, 
201805210524, 0, 
201805211602, 1, 
201805220604, 0, 
201805221710, 1, 
201805230640, 0, 
201805231816, 1, 
201805240712, 0, 
201805241922, 1, 
201805250744, 0, 
201805252024, 1, 
201805260814, 0, 
201805262126, 1, 
201805270844, 0, 
201805272228, 1, 
201805280918, 0, 
201805282328, 1, 
201805290954, 0, 
201805300026, 1, 
201805301034, 0, 
201805310122, 1, 
201805311116, 0, 
201806010214, 1, 
201806011204, 0, 
201806020300, 1, 
201806021256, 0, 
201806030344, 1, 
201806031350, 0, 
201806040422, 1, 
201806041446, 0, 
201806050456, 1, 
201806051542, 0, 
201806060528, 1, 
201806061640, 0, 
201806070558, 1, 
201806071740, 0, 
201806080628, 1, 
201806081842, 0, 
201806090658, 1, 
201806091946, 0, 
201806100730, 1, 
201806102054, 0, 
201806110804, 1, 
201806112202, 0, 
201806120846, 1, 
201806122314, 0, 
201806130932, 1, 
201806140024, 0, 
201806141028, 1, 
201806150130, 0, 
201806151130, 1, 
201806160230, 0, 
201806161238, 1, 
201806170320, 0, 
201806171348, 1, 
201806180404, 0, 
201806181500, 1, 
201806190442, 0, 
201806191608, 1, 
201806200516, 0, 
201806201714, 1, 
201806210548, 0, 
201806211818, 1, 
201806220618, 0, 
201806221920, 1, 
201806230648, 0, 
201806232022, 1, 
201806240720, 0, 
201806242122, 1, 
201806250754, 0, 
201806252220, 1, 
201806260832, 0, 
201806262316, 1, 
201806270914, 0, 
201806280008, 1, 
201806281000, 0, 
201806290058, 1, 
201806291050, 0, 
201806300142, 1, 
201806301142, 0, 
201807010222, 1, 
201807011238, 0, 
201807020258, 1, 
201807021334, 0, 
201807030330, 1, 
201807031432, 0, 
201807040400, 1, 
201807041530, 0, 
201807050430, 1, 
201807051630, 0, 
201807060458, 1, 
201807061732, 0, 
201807070528, 1, 
201807071836, 0, 
201807080600, 1, 
201807081942, 0, 
201807090638, 1, 
201807092050, 0, 
201807100720, 1, 
201807102200, 0, 
201807110810, 1, 
201807112308, 0, 
201807120908, 1, 
201807130012, 0, 
201807131014, 1, 
201807140108, 0, 
201807141126, 1, 
201807150158, 0, 
201807151240, 1, 
201807160240, 0, 
201807161352, 1, 
201807170316, 0, 
201807171500, 1, 
201807180350, 0, 
201807181608, 1, 
201807190420, 0, 
201807191712, 1, 
201807200452, 0, 
201807201814, 1, 
201807210524, 0, 
201807211916, 1, 
201807220556, 0, 
201807222014, 1, 
201807230632, 0, 
201807232110, 1, 
201807240712, 0, 
201807242204, 1, 
201807250758, 0, 
201807252254, 1, 
201807260846, 0, 
201807262340, 1, 
201807270938, 0, 
201807280022, 1, 
201807281032, 0, 
201807290058, 1, 
201807291128, 0, 
201807300132, 1, 
201807301226, 0, 
201807310204, 1, 
201807311324, 0, 
201808010232, 1, 
201808011422, 0, 
201808020300, 1, 
201808021522, 0, 
201808030330, 1, 
201808031624, 0, 
201808040400, 1, 
201808041728, 0, 
201808050434, 1, 
201808051834, 0, 
201808060512, 1, 
201808061940, 0, 
201808070558, 1, 
201808072048, 0, 
201808080650, 1, 
201808082152, 0, 
201808090752, 1, 
201808092252, 0, 
201808100900, 1, 
201808102344, 0, 
201808111014, 1, 
201808120030, 0, 
201808121128, 1, 
201808130110, 0, 
201808131240, 1, 
201808140146, 0, 
201808141350, 1, 
201808150220, 0, 
201808151458, 1, 
201808160252, 0, 
201808161602, 1, 
201808170324, 0, 
201808171706, 1, 
201808180356, 0, 
201808181806, 1, 
201808190432, 0, 
201808191904, 1, 
201808200512, 0, 
201808202000, 1, 
201808210554, 0, 
201808212052, 1, 
201808220642, 0, 
201808222138, 1, 
201808230732, 0, 
201808232222, 1, 
201808240826, 0, 
201808242300, 1, 
201808250922, 0, 
201808252334, 1, 
201808261020, 0, 
201808270006, 1, 
201808271118, 0, 
201808280036, 1, 
201808281218, 0, 
201808290104, 1, 
201808291316, 0, 
201808300134, 1, 
201808301418, 0, 
201808310202, 1, 
201808311520, 0, 
201809010234, 1, 
201809011624, 0, 
201809020310, 1, 
201809021730, 0, 
201809030352, 1, 
201809031834, 0, 
201809040440, 1, 
201809041938, 0, 
201812051012, 1, 
201812052052, 0, 
201812061114, 1, 
201812062130, 0, 
201812071214, 1, 
201812072212, 0, 
201812081312, 1, 
201812082258, 0, 
201812091404, 1, 
201812092348, 0, 
201812101450, 1, 
201812110042, 0, 
201812111530, 1, 
201812120136, 0, 
201812121608, 1, 
201812130234, 0, 
201812131640, 1, 
201812140330, 0, 
201812141710, 1, 
201812150428, 0, 
201812151738, 1, 
201812160526, 0, 
201812161804, 1, 
201812170626, 0, 
201812171834, 1, 
201812180728, 0, 
201812181904, 1, 
201812190834, 0, 
201812191936, 1, 
201812200942, 0, 
201812202016, 1, 
201812211050, 0, 
201812212102, 1, 
201812221200, 0, 
201812222156, 1, 
201812231304, 0, 
201812232258, 1, 
201812241404, 0, 
201812250006, 1, 
201812251454, 0, 
201812260118, 1, 
201812261538, 0, 
201812270230, 1, 
201812271616, 0, 
201812280340, 1, 
201812281650, 0, 
201812290450, 1, 
201812291720, 0, 
201812300556, 1, 
201812301750, 0, 
201812310700, 1, 
201812311822, 0, 
201901010804, 1, 
201901011854, 0, 
201901020906, 1, 
201901021930, 0, 
201901031006, 1, 
201901032010, 0, 
201901041104, 1, 
201901042054, 0, 
201901051158, 1, 
201901052142, 0, 
201901061246, 1, 
201901062234, 0, 
201901071328, 1, 
201901072328, 0, 
201901081408, 1, 
201901090024, 0, 
201901091440, 1, 
201901100122, 0, 
201901101512, 1, 
201901110218, 0, 
201901111540, 1, 
201901120316, 0, 
201901121606, 1, 
201901130414, 0, 
201901131634, 1, 
201901140514, 0, 
201901141702, 1, 
201901150616, 0, 
201901151732, 1, 
201901160720, 0, 
201901161808, 1, 
201901170826, 0, 
201901171848, 1, 
201901180934, 0, 
201901181936, 1, 
201901191042, 0, 
201901192034, 1, 
201901201144, 0, 
201901202140, 1, 
201901211240, 0, 
201901212252, 1, 
201901221330, 0, 
201901230008, 1, 
201901231412, 0, 
201901240122, 1, 
201901241448, 0, 
201901250234, 1, 
201901251522, 0, 
201901260344, 1, 
201901261552, 0, 
201901270452, 1, 
201901271624, 0, 
201901280556, 1, 
201901281656, 0, 
201901290700, 1, 
201901291732, 0, 
201901300800, 1, 
201901301810, 0, 
201901310858, 1, 
201901311852, 0, 
201902010952, 1, 
201902011938, 0, 
201902021042, 1, 
201902022028, 0, 
201902031128, 1, 
201902032122, 0, 
201902041208, 1, 
201902042218, 0, 
201902051242, 1, 
201902052314, 0, 
201902061314, 1, 
201902070012, 0, 
201902071342, 1, 
201902080110, 0, 
201902081410, 1, 
201902090208, 0, 
201902091436, 1, 
201902100306, 0, 
201902101504, 1, 
201902110406, 0, 
201902111532, 1, 
201902120506, 0, 
201902121604, 1, 
201902130610, 0, 
201902131640, 1, 
201902140714, 0, 
201902141724, 1, 
201902150820, 0, 
201902151816, 1, 
201902160924, 0, 
201902161916, 1, 
201902171022, 0, 
201902172024, 1, 
201902181114, 0, 
201902182138, 1, 
201902191200, 0, 
201902192254, 1, 
201902201240, 0, 
201902210010, 1, 
201902211316, 0, 
201902220122, 1, 
201902221350, 0, 
201902230234, 1, 
201902231422, 0, 
201902240342, 1, 
201902241456, 0, 
201902250448, 1, 
201902251530, 0, 
201902260552, 1, 
201902261608, 0, 
201902270652, 1, 
201902271650, 0, 
201902280748, 1, 
201902281734, 0, 
201903010840, 1, 
201903011824, 0, 
201903020926, 1, 
201903021916, 0, 
201903031008, 1, 
201903032012, 0, 
201903041044, 1, 
201903042108, 0, 
201903051116, 1, 
201903052206, 0, 
201903061146, 1, 
201903062304, 0, 
201903071214, 1, 
201903080002, 0, 
201903081240, 1, 
201903090100, 0, 
201903091308, 1, 
201903100200, 0, 
201903101336, 1, 
201903110300, 0, 
201903111406, 1, 
201903120402, 0, 
201903121440, 1, 
201903130506, 0, 
201903131520, 1, 
201903140608, 0, 
201903141606, 1, 
201903150710, 0, 
201903151700, 1, 
201903160810, 0, 
201903161802, 1, 
201903170902, 0, 
201903171912, 1, 
201903180950, 0, 
201903182026, 1, 
201903191032, 0, 
201903192140, 1, 
201903201108, 0, 
201903202254, 1, 
201903211144, 0, 
201903220008, 1, 
201903221216, 0, 
201903230120, 1, 
201903231250, 0, 
201903240230, 1, 
201903241324, 0, 
201903250338, 1, 
201903251402, 0, 
201903260442, 1, 
201903261444, 0, 
201903270540, 1, 
201903271528, 0, 
201903280636, 1, 
201903281616, 0, 
201903290724, 1, 
201903291710, 0, 
201903300806, 1, 
201903301804, 0, 
201903310844, 1, 
201903311900, 0, 
201904010918, 1, 
201904011958, 0, 
201904020948, 1, 
201904022056, 0, 
201904031016, 1, 
201904032154, 0, 
201904041044, 1, 
201904042252, 0, 
201904051110, 1, 
201904052352, 0, 
201904061138, 1, 
201904070054, 0, 
201904071208, 1, 
201904080156, 0, 
201904081240, 1, 
201904090300, 0, 
201904091318, 1, 
201904100404, 0, 
201904101402, 1, 
201904110506, 0, 
201904111454, 1, 
201904120604, 0, 
201904121552, 1, 
201904130658, 0, 
201904131656, 1, 
201904140746, 0, 
201904141806, 1, 
201904150828, 0, 
201904151918, 1, 
201904160904, 0, 
201904162032, 1, 
201904170938, 0, 
201904172144, 1, 
201904181012, 0, 
201904182256, 1, 
201904191044, 0, 
201904200006, 1, 
201904201118, 0, 
201904210116, 1, 
201904211154, 0, 
201904220224, 1, 
201904221234, 0, 
201904230328, 1, 
201904231318, 0, 
201904240426, 1, 
201904241406, 0, 
201904250518, 1, 
201904251458, 0, 
201904260604, 1, 
201904261554, 0, 
201904270644, 1, 
201904271650, 0, 
201904280720, 1, 
201904281748, 0, 
201904290750, 1, 
201904291846, 0, 
201904300820, 1, 
201904301944, 0, 
201905010846, 1, 
201905012042, 0, 
201905020912, 1, 
201905022142, 0, 
201905030940, 1, 
201905032242, 0, 
201905041008, 1, 
201905042346, 0, 
201905051040, 1, 
201905060050, 0, 
201905061116, 1, 
201905070156, 0, 
201905071200, 1, 
201905080300, 0, 
201905081248, 1, 
201905090400, 0, 
201905091346, 1, 
201905100456, 0, 
201905101448, 1, 
201905110546, 0, 
201905111556, 1, 
201905120628, 0, 
201905121706, 1, 
201905130706, 0, 
201905131818, 1, 
201905140740, 0, 
201905141928, 1, 
201905150812, 0, 
201905152038, 1, 
201905160844, 0, 
201905162148, 1, 
201905170916, 0, 
201905172256, 1, 
201905180950, 0, 
201905190004, 1, 
201905191028, 0, 
201905200110, 1, 
201905201110, 0, 
201905210212, 1, 
201905211156, 0, 
201905220308, 1, 
201905221246, 0, 
201905230358, 1, 
201905231342, 0, 
201905240442, 1, 
201905241438, 0, 
201905250518, 1, 
201905251536, 0, 
201905260552, 1, 
201905261634, 0, 
201905270622, 1, 
201905271732, 0, 
201905280648, 1, 
201905281830, 0, 
201905290714, 1, 
201905291928, 0, 
201905300742, 1, 
201905302028, 0, 
201905310808, 1, 
201905312130, 0, 
201906010840, 1, 
201906012236, 0, 
201906020914, 1, 
201906022342, 0, 
201906030954, 1, 
201906040048, 0, 
201906041040, 1, 
201906050152, 0, 
201906051136, 1, 
201906060252, 0, 
201906061240, 1, 
201906070344, 0, 
201906071348, 1, 
201906080430, 0, 
201906081458, 1, 
201906090508, 0, 
201906091608, 1, 
201906100544, 0, 
201906101718, 1, 
201906110616, 0, 
201906111828, 1, 
201906120646, 0, 
201906121936, 1, 
201906130716, 0, 
201906132044, 1, 
201906140748, 0, 
201906142150, 1, 
201906150824, 0, 
201906152256, 1, 
201906160904, 0, 
201906170000, 1, 
201906170948, 0, 
201906180058, 1, 
201906181036, 0, 
201906190150, 1, 
201906191130, 0, 
201906200238, 1, 
201906201226, 0, 
201906210318, 1, 
201906211324, 0, 
201906220352, 1, 
201906221422, 0, 
201906230422, 1, 
201906231520, 0, 
201906240450, 1, 
201906241618, 0, 
201906250516, 1, 
201906251716, 0, 
201906260542, 1, 
201906261814, 0, 
201906270608, 1, 
201906271914, 0, 
201906280638, 1, 
201906282018, 0, 
201906290710, 1, 
201906292122, 0, 
201906300746, 1, 
201906302228, 0, 
201907010830, 1, 
201907012336, 0, 
201907020922, 1, 
201907030038, 0, 
201907031024, 1, 
201907040136, 0, 
201907041132, 1, 
201907050226, 0, 
201907051244, 1, 
201907060308, 0, 
201907061356, 1, 
201907070346, 0, 
201907071510, 1, 
201907080418, 0, 
201907081620, 1, 
201907090450, 0, 
201907091728, 1, 
201907100520, 0, 
201907101836, 1, 
201907110552, 0, 
201907111942, 1, 
201907120626, 0, 
201907122048, 1, 
201907130702, 0, 
201907132150, 1, 
201907140744, 0, 
201907142250, 1, 
201907150830, 0, 
201907152344, 1, 
201907160922, 0, 
201907170032, 1, 
201907171018, 0, 
201907180114, 1, 
201907181114, 0, 
201907190152, 1, 
201907191212, 0, 
201907200224, 1, 
201907201310, 0, 
201907210252, 1, 
201907211408, 0, 
201907220320, 1, 
201907221506, 0, 
201907230344, 1, 
201907231604, 0, 
201907240410, 1, 
201907241702, 0, 
201907250438, 1, 
201907251802, 0, 
201907260506, 1, 
201907261904, 0, 
201907270540, 1, 
201907272010, 0, 
201907280620, 1, 
201907282114, 0, 
201907290708, 1, 
201907292220, 0, 
201907300804, 1, 
201907302320, 0, 
201907310910, 1, 
201908010014, 0, 
201908011022, 1, 
201908020100, 0, 
201908021136, 1, 
201908030142, 0, 
201908031252, 1, 
201908040218, 0, 
201908041406, 1, 
201908050250, 0, 
201908051518, 1, 
201908060322, 0, 
201908061626, 1, 
201908070354, 0, 
201908071734, 1, 
201908080428, 0, 
201908081840, 1, 
201908090504, 0, 
201908091944, 1, 
201908100544, 0, 
201908102044, 1, 
201908110628, 0, 
201908112140, 1, 
201908120718, 0, 
201908122230, 1, 
201908130812, 0, 
201908132314, 1, 
201908140908, 0, 
201908142352, 1, 
201908151006, 0, 
201908160026, 1, 
201908161104, 0, 
201908170054, 1, 
201908171202, 0, 
201908180122, 1, 
201908181258, 0, 
201908190148, 1, 
201908191356, 0, 
201908200214, 1, 
201908201454, 0, 
201908210240, 1, 
201908211552, 0, 
201908220306, 1, 
201908221652, 0, 
201908230338, 1, 
201908231754, 0, 
201908240414, 1, 
201908241858, 0, 
201908250456, 1, 
201908252002, 0, 
201908260546, 1, 
201908262102, 0, 
201908270646, 1, 
201908272158, 0, 
201908280754, 1, 
201908282250, 0, 
201908290908, 1, 
201908292332, 0, 
201908301026, 1, 
201908310012, 0, 
201908311142, 1, 
201909010046, 0, 
201909011256, 1, 
201909020120, 0, 
201909021410, 1, 
201909030152, 0, 
201909031522, 1, 
201909040226, 0, 
201909041630, 1, 
201909050302, 0, 
201909051736, 1, 
201909060342, 0, 
201909061840, 1, 
201909070426, 0, 
201909071936, 1, 
201909080514, 0, 
201909082028, 1, 
201909090606, 0, 
201909092114, 1, 
201909100702, 0, 
201909102154, 1, 
201909110758, 0, 
201909112228, 1, 
201909120856, 0, 
201909122258, 1, 
201909130954, 0, 
201909132326, 1, 
201909141052, 0, 
201909142352, 1, 
201909151150, 0, 
201909160016, 1, 
201909161248, 0, 
201909170042, 1, 
201909171346, 0, 
201909180110, 1, 
201909181446, 0, 
201909190138, 1, 
201909191546, 0, 
201909200212, 1, 
201909201648, 0, 
201909210250, 1, 
201909211750, 0, 
201909220336, 1, 
201909221852, 0, 
201909230432, 1, 
201909231948, 0, 
201909240534, 1, 
201909242038, 0, 
201909250644, 1, 
201909252124, 0, 
201909260758, 1, 
201909262204, 0, 
201909270912, 1, 
201909272240, 0, 
201909281028, 1, 
201909282314, 0, 
201909291144, 1, 
201909292346, 0, 
201909301258, 1, 
201910010020, 0, 
201910011412, 1, 
201910020056, 0, 
201910021522, 1, 
201910030136, 0, 
201910031628, 1, 
201910040218, 0, 
201910041730, 1, 
201910050306, 0, 
201910051824, 1, 
201910060358, 0, 
201910061912, 1, 
201910070454, 0, 
201910071954, 1, 
201910080552, 0, 
201910082030, 1, 
201910090650, 0, 
201910092102, 1, 
201910100748, 0, 
201910102130, 1, 
201910110846, 0, 
201910112156, 1, 
201910120944, 0, 
201910122222, 1, 
201910131042, 0, 
201910132246, 1, 
201910141140, 0, 
201910142312, 1, 
201910151240, 0, 
201910152342, 1, 
201910161342, 0, 
201910170014, 1, 
201910171444, 0, 
201910180050, 1, 
201910181546, 0, 
201910190134, 1, 
201910191646, 0, 
201910200224, 1, 
201910201742, 0, 
201910210322, 1, 
201910211834, 0, 
201910220428, 1, 
201910221920, 0, 
201910230536, 1, 
201910232000, 0, 
201910240650, 1, 
201910242036, 0, 
201910250804, 1, 
201910252110, 0, 
201910260918, 1, 
201910262142, 0, 
201910271032, 1, 
201910272214, 0, 
201910281146, 1, 
201910282248, 0, 
201910291258, 1, 
201910292326, 0, 
201910301408, 1, 
201910310008, 0, 
201910311516, 1, 
201911010056, 0, 
201911011616, 1, 
201911020148, 0, 
201911021708, 1, 
201911030244, 0, 
201911031752, 1, 
201911040342, 0, 
201911041830, 1, 
201911050440, 0, 
201911051904, 1, 
201911060538, 0, 
201911061932, 1, 
201911070636, 0, 
201911072000, 1, 
201911080734, 0, 
201911082024, 1, 
201911090832, 0, 
201911092050, 1, 
201911100930, 0, 
201911102116, 1, 
201911111030, 0, 
201911112144, 1, 
201911121132, 0, 
201911122214, 1, 
201911131236, 0, 
201911132250, 1, 
201911141338, 0, 
201911142330, 1, 
201911151440, 0, 
201911160020, 1, 
201911161540, 0, 
201911170116, 1, 
201911171632, 0, 
201911180218, 1, 
201911181720, 0, 
201911190326, 1, 
201911191800, 0, 
201911200436, 1, 
201911201836, 0, 
201911210548, 1, 
201911211910, 0, 
201911220658, 1, 
201911221940, 0, 
201911230810, 1, 
201911232012, 0, 
201911240922, 1, 
201911242044, 0, 
201911251034, 1, 
201911252120, 0, 
201911261146, 1, 
201911262158, 0, 
201911271256, 1, 
201911272244, 0, 
201911281400, 1, 
201911282334, 0, 
201911291456, 1, 
201911300028, 0, 
201911301546, 1, 
201912010126, 0, 
201912011628, 1, 
201912020226, 0, 
201912021704, 1, 
201912030326, 0, 
201912031734, 1, 
201912040426, 0, 
201912041802, 1, 
201912050524, 0, 
201912051828, 1, 
201912060620, 0, 
201912061852, 1, 
201912070718, 0, 
201912071918, 1, 
201912080818, 0, 
201912081944, 1, 
201912090918, 0, 
201912092014, 1, 
201912101022, 0, 
201912102046, 1, 
201912111126, 0, 
201912112126, 1, 
201912121230, 0, 
201912122212, 1, 
201912131332, 0, 
201912132308, 1, 
201912141428, 0, 
201912150010, 1, 
201912151518, 0, 
201912160118, 1, 
201912161602, 0, 
201912170228, 1, 
201912171640, 0, 
201912180338, 1, 
201912181712, 0, 
201912190450, 1, 
201912191744, 0, 
201912200600, 1, 
201912201814, 0, 
201912210708, 1, 
201912211844, 0, 
201912220818, 1, 
201912221918, 0, 
201912230928, 1, 
201912231954, 0, 
201912241038, 1, 
201912242034, 0, 
201912251142, 1, 
201912252122, 0, 
201912261244, 1, 
201912262214, 0, 
201912271336, 1, 
201912272312, 0, 
201912281422, 1, 
201912290012, 0, 
201912291502, 1, 
201912300112, 0, 
201912301534, 1, 
201912310212, 0, 
201912311604, 1, 
202001010310, 0, 
202001011630, 1, 
202001020408, 0, 
202001021654, 1, 
202001030506, 0, 
202001031718, 1, 
202001040604, 0, 
202001041744, 1, 
202001050704, 0, 
202001051812, 1, 
202001060804, 0, 
202001061842, 1, 
202001070908, 0, 
202001071918, 1, 
202001081012, 0, 
202001082002, 1, 
202001091116, 0, 
202001092054, 1, 
202001101216, 0, 
202001102154, 1, 
202001111310, 0, 
202001112302, 1, 
202001121358, 0, 
202001130014, 1, 
202001131438, 0, 
202001140126, 1, 
202001141514, 0, 
202001150240, 1, 
202001151546, 0, 
202001160350, 1, 
202001161618, 0, 
202001170500, 1, 
202001171648, 0, 
202001180610, 1, 
202001181720, 0, 
202001190718, 1, 
202001191754, 0, 
202001200826, 1, 
202001201832, 0, 
202001210932, 1, 
202001211916, 0, 
202001221034, 1, 
202001222006, 0, 
202001231128, 1, 
202001232100, 0, 
202001241216, 1, 
202001242200, 0, 
202001251258, 1, 
202001252300, 0, 
202001261334, 1, 
202001270000, 0, 
202001271404, 1, 
202001280100, 0, 
202001281432, 1, 
202001290158, 0, 
202001291456, 1, 
202001300256, 0, 
202001301520, 1, 
202001310352, 0, 
202001311546, 1, 
202002010450, 0, 
202002011612, 1, 
202002020550, 0, 
202002021640, 1, 
202002030650, 0, 
202002031712, 1, 
202002040754, 0, 
202002041752, 1, 
202002050856, 0, 
202002051838, 1, 
202002060958, 0, 
202002061934, 1, 
202002071056, 0, 
202002072038, 1, 
202002081146, 0, 
202002082150, 1, 
202002091232, 0, 
202002092304, 1, 
202002101310, 0, 
202002110020, 1, 
202002111346, 0, 
202002120134, 1, 
202002121418, 0, 
202002130248, 1, 
202002131448, 0, 
202002140400, 1, 
202002141520, 0, 
202002150510, 1, 
202002151554, 0, 
202002160620, 1, 
202002161632, 0, 
202002170726, 1, 
202002171714, 0, 
202002180828, 1, 
202002181802, 0, 
202002190924, 1, 
202002191854, 0, 
202002201014, 1, 
202002201952, 0, 
202002211058, 1, 
202002212050, 0, 
202002221134, 1, 
202002222150, 0, 
202002231206, 1, 
202002232250, 0, 
202002241234, 1, 
202002242350, 0, 
202002251300, 1, 
202002260048, 0, 
202002261324, 1, 
202002270144, 0, 
202002271348, 1, 
202002280242, 0, 
202002281412, 1, 
202002290340, 0, 
202002291440, 1, 
202003010440, 0, 
202003011510, 1, 
202003020540, 0, 
202003021546, 1, 
202003030642, 0, 
202003031626, 1, 
202003040742, 0, 
202003041716, 1, 
201912050524, 0, 
201912051828, 1, 
201912060620, 0, 
201912061852, 1, 
201912070718, 0, 
201912071918, 1, 
201912080818, 0, 
201912081944, 1, 
201912090918, 0, 
201912092014, 1, 
201912101022, 0, 
201912102046, 1, 
201912111126, 0, 
201912112126, 1, 
201912121230, 0, 
201912122212, 1, 
201912131332, 0, 
201912132308, 1, 
201912141428, 0, 
201912150010, 1, 
201912151518, 0, 
201912160118, 1, 
201912161602, 0, 
201912170228, 1, 
201912171640, 0, 
201912180338, 1, 
201912181712, 0, 
201912190450, 1, 
201912191744, 0, 
201912200600, 1, 
201912201814, 0, 
201912210708, 1, 
201912211844, 0, 
201912220818, 1, 
201912221918, 0, 
201912230928, 1, 
201912231954, 0, 
201912241038, 1, 
201912242034, 0, 
201912251142, 1, 
201912252122, 0, 
201912261244, 1, 
201912262214, 0, 
201912271336, 1, 
201912272312, 0, 
201912281422, 1, 
201912290012, 0, 
201912291502, 1, 
201912300112, 0, 
201912301534, 1, 
201912310212, 0, 
201912311604, 1, 
202001010310, 0, 
202001011630, 1, 
202001020408, 0, 
202001021654, 1, 
202001030506, 0, 
202001031718, 1, 
202001040604, 0, 
202001041744, 1, 
202001050704, 0, 
202001051812, 1, 
202001060804, 0, 
202001061842, 1, 
202001070908, 0, 
202001071918, 1, 
202001081012, 0, 
202001082002, 1, 
202001091116, 0, 
202001092054, 1, 
202001101216, 0, 
202001102154, 1, 
202001111310, 0, 
202001112302, 1, 
202001121358, 0, 
202001130014, 1, 
202001131438, 0, 
202001140126, 1, 
202001141514, 0, 
202001150240, 1, 
202001151546, 0, 
202001160350, 1, 
202001161618, 0, 
202001170500, 1, 
202001171648, 0, 
202001180610, 1, 
202001181720, 0, 
202001190718, 1, 
202001191754, 0, 
202001200826, 1, 
202001201832, 0, 
202001210932, 1, 
202001211916, 0, 
202001221034, 1, 
202001222006, 0, 
202001231128, 1, 
202001232100, 0, 
202001241216, 1, 
202001242200, 0, 
202001251258, 1, 
202001252300, 0, 
202001261334, 1, 
202001270000, 0, 
202001271404, 1, 
202001280100, 0, 
202001281432, 1, 
202001290158, 0, 
202001291456, 1, 
202001300256, 0, 
202001301520, 1, 
202001310352, 0, 
202001311546, 1, 
202002010450, 0, 
202002011612, 1, 
202002020550, 0, 
202002021640, 1, 
202002030650, 0, 
202002031712, 1, 
202002040754, 0, 
202002041752, 1, 
202002050856, 0, 
202002051838, 1, 
202002060958, 0, 
202002061934, 1, 
202002071056, 0, 
202002072038, 1, 
202002081146, 0, 
202002082150, 1, 
202002091232, 0, 
202002092304, 1, 
202002101310, 0, 
202002110020, 1, 
202002111346, 0, 
202002120134, 1, 
202002121418, 0, 
202002130248, 1, 
202002131448, 0, 
202002140400, 1, 
202002141520, 0, 
202002150510, 1, 
202002151554, 0, 
202002160620, 1, 
202002161632, 0, 
202002170726, 1, 
202002171714, 0, 
202002180828, 1, 
202002181802, 0, 
202002190924, 1, 
202002191854, 0, 
202002201014, 1, 
202002201952, 0, 
202002211058, 1, 
202002212050, 0, 
202002221134, 1, 
202002222150, 0, 
202002231206, 1, 
202002232250, 0, 
202002241234, 1, 
202002242350, 0, 
202002251300, 1, 
202002260048, 0, 
202002261324, 1, 
202002270144, 0, 
202002271348, 1, 
202002280242, 0, 
202002281412, 1, 
202002290340, 0, 
202002291440, 1, 
202003010440, 0, 
202003011510, 1, 
202003020540, 0, 
202003021546, 1, 
202003030642, 0, 
202003031626, 1, 
202003040742, 0, 
202003041716, 1, 
202003050840, 0, 
202003051816, 1, 
202003060934, 0, 
202003061922, 1, 
202003071020, 0, 
202003072034, 1, 
202003081102, 0, 
202003082150, 1, 
202003091138, 0, 
202003092308, 1, 
202003101212, 0, 
202003110024, 1, 
202003111246, 0, 
202003120140, 1, 
202003121318, 0, 
202003130254, 1, 
202003131352, 0, 
202003140406, 1, 
202003141430, 0, 
202003150516, 1, 
202003151510, 0, 
202003160622, 1, 
202003161558, 0, 
202003170722, 1, 
202003171650, 0, 
202003180814, 1, 
202003181746, 0, 
202003190858, 1, 
202003191844, 0, 
202003200936, 1, 
202003201944, 0, 
202003211008, 1, 
202003212044, 0, 
202003221038, 1, 
202003222142, 0, 
202003231104, 1, 
202003232240, 0, 
202003241128, 1, 
202003242338, 0, 
202003251152, 1, 
202003260036, 0, 
202003261216, 1, 
202003270134, 0, 
202003271242, 1, 
202003280232, 0, 
202003281310, 1, 
202003290332, 0, 
202003291344, 1, 
202003300434, 0, 
202003301422, 1, 
202003310534, 0, 
202003311508, 1, 
202004010630, 0, 
202004011602, 1, 
202004020724, 0, 
202004021702, 1, 
202004030812, 0, 
202004031810, 1, 
202004040854, 0, 
202004041924, 1, 
202004050932, 0, 
202004052038, 1, 
202004061006, 0, 
202004062154, 1, 
202004071040, 0, 
202004072312, 1, 
202004081112, 0, 
202004090028, 1, 
202004091146, 0, 
202004100144, 1, 
202004101222, 0, 
202004110258, 1, 
202004111302, 0, 
202004120408, 1, 
202004121348, 0, 
202004130512, 1, 
202004131440, 0, 
202004140610, 1, 
202004141538, 0, 
202004150658, 1, 
202004151636, 0, 
202004160738, 1, 
202004161736, 0, 
202004170812, 1, 
202004171836, 0, 
202004180842, 1, 
202004181936, 0, 
202004190908, 1, 
202004192034, 0, 
202004200932, 1, 
202004202132, 0, 
202004210956, 1, 
202004212230, 0, 
202004221020, 1, 
202004222328, 0, 
202004231046, 1, 
202004240026, 0, 
202004241114, 1, 
202004250126, 0, 
202004251144, 1, 
202004260228, 0, 
202004261222, 1, 
202004270328, 0, 
202004271304, 1, 
202004280426, 0, 
202004281354, 1, 
202004290520, 0, 
202004291452, 1, 
202004300610, 0, 
202004301556, 1, 
202005010652, 0, 
202005011706, 1, 
202005020730, 0, 
202005021818, 1, 
202005030804, 0, 
202005031930, 1, 
202005040836, 0, 
202005042044, 1, 
202005050908, 0, 
202005052200, 1, 
202005060940, 0, 
202005062316, 1, 
202005071014, 0, 
202005080032, 1, 
202005081052, 0, 
202005090146, 1, 
202005091136, 0, 
202005100256, 1, 
202005101226, 0, 
202005110358, 1, 
202005111324, 0, 
202005120452, 1, 
202005121424, 0, 
202005130536, 1, 
202005131526, 0, 
202005140614, 1, 
202005141626, 0, 
202005150646, 1, 
202005151728, 0, 
202005160712, 1, 
202005161826, 0, 
202005170738, 1, 
202005171924, 0, 
202005180802, 1, 
202005182022, 0, 
202005190826, 1, 
202005192120, 0, 
202005200850, 1, 
202005202218, 0, 
202005210916, 1, 
202005212318, 0, 
202005220946, 1, 
202005230020, 0, 
202005231022, 1, 
202005240122, 0, 
202005241102, 1, 
202005250222, 0, 
202005251150, 1, 
202005260318, 0, 
202005261246, 1, 
202005270408, 0, 
202005271348, 1, 
202005280454, 0, 
202005281456, 1, 
202005290532, 0, 
202005291606, 1, 
202005300606, 0, 
202005301716, 1, 
202005310638, 0, 
202005311828, 1, 
202006010708, 0, 
202006011940, 1, 
202006020738, 0, 
202006022052, 1, 
202006030810, 0, 
202006032206, 1, 
202006040844, 0, 
202006042322, 1, 
202006050926, 0, 
202006060034, 1, 
202006061012, 0, 
202006070140, 1, 
202006071106, 0, 
202006080240, 1, 
202006081206, 0, 
202006090330, 1, 
202006091310, 0, 
202006100410, 1, 
202006101412, 0, 
202006110446, 1, 
202006111514, 0, 
202006120514, 1, 
202006121616, 0, 
202006130540, 1, 
202006131714, 0, 
202006140606, 1, 
202006141812, 0, 
202006150628, 1, 
202006151910, 0, 
202006160652, 1, 
202006162008, 0, 
202006170718, 1, 
202006172108, 0, 
202006180746, 1, 
202006182208, 0, 
202006190820, 1, 
202006192312, 0, 
202006200858, 1, 
202006210012, 0, 
202006210944, 1, 
202006220112, 0, 
202006221038, 1, 
202006230206, 0, 
202006231140, 1, 
202006240252, 0, 
202006241248, 1, 
202006250334, 0, 
202006251356, 1, 
202006260408, 0, 
202006261508, 1, 
202006270440, 0, 
202006271618, 1, 
202006280510, 0, 
202006281728, 1, 
202006290540, 0, 
202006291840, 1, 
202006300610, 0, 
202006301950, 1, 
202007010642, 0, 
202007012104, 1, 
202007020720, 0, 
202007022214, 1, 
202007030804, 0, 
202007032324, 1, 
202007040854, 0, 
202007050026, 1, 
202007050950, 0, 
202007060120, 1, 
202007061052, 0, 
202007070204, 1, 
202007071156, 0, 
202007080242, 1, 
202007081300, 0, 
202007090314, 1, 
202007091402, 0, 
202007100342, 1, 
202007101502, 0, 
202007110408, 1, 
202007111600, 0, 
202007120432, 1, 
202007121658, 0, 
202007130454, 1, 
202007131756, 0, 
202007140520, 1, 
202007141856, 0, 
202007150546, 1, 
202007151956, 0, 
202007160618, 1, 
202007162056, 0, 
202007170654, 1, 
202007172158, 0, 
202007180736, 1, 
202007182300, 0, 
202007190828, 1, 
202007192356, 0, 
202007200928, 1, 
202007210046, 0, 
202007211034, 1, 
202007220132, 0, 
202007221144, 1, 
202007230210, 0, 
202007231256, 1, 
202007240242, 0, 
202007241408, 1, 
202007250314, 0, 
202007251520, 1, 
202007260344, 0, 
202007261630, 1, 
202007270412, 0, 
202007271742, 1, 
202007280444, 0, 
202007281854, 1, 
202007290520, 0, 
202007292004, 1, 
202007300600, 0, 
202007302112, 1, 
202007310646, 0, 
202007312216, 1, 
202008010740, 0, 
202008012312, 1, 
202008020838, 0, 
202008030000, 1, 
202008030942, 0, 
202008040040, 1, 
202008041046, 0, 
202008050114, 1, 
202008051148, 0, 
202008060142, 1, 
202008061250, 0, 
202008070208, 1, 
202008071350, 0, 
202008080234, 1, 
202008081448, 0, 
202008090256, 1, 
202008091546, 0, 
202008100320, 1, 
202008101644, 0, 
202008110346, 1, 
202008111742, 0, 
202008120416, 1, 
202008121844, 0, 
202008130448, 1, 
202008131944, 0, 
202008140528, 1, 
202008142044, 0, 
202008150614, 1, 
202008152142, 0, 
202008160710, 1, 
202008162236, 0, 
202008170814, 1, 
202008172324, 0, 
202008180924, 1, 
202008190004, 0, 
202008191038, 1, 
202008200042, 0, 
202008201152, 1, 
202008210114, 0, 
202008211306, 1, 
202008220144, 0, 
202008221418, 1, 
202008230214, 0, 
202008231532, 1, 
202008240246, 0, 
202008241644, 1, 
202008250320, 0, 
202008251756, 1, 
202008260358, 0, 
202008261904, 1, 
202008270444, 0, 
202008272010, 1, 
202008280534, 0, 
202008282106, 1, 
202008290630, 0, 
202008292156, 1, 
202008300732, 0, 
202008302238, 1, 
202008310834, 0, 
202008312314, 1, 
202009010938, 0, 
202009012344, 1, 
202009021040, 0, 
202009030012, 1, 
202009031140, 0, 
202009040036, 1, 
202009041238, 0, 
202009050100, 1, 
202009051336, 0, 
202009060124, 1, 
202009061434, 0, 
202009070148, 1, 
202009071532, 0, 
202009080214, 1, 
202009081632, 0, 
202009090246, 1, 
202009091732, 0, 
202009100322, 1, 
202009101832, 0, 
202009110404, 1, 
202009111930, 0, 
202009120454, 1, 
202009122024, 0, 
202009130554, 1, 
202009132114, 0, 
202009140700, 1, 
202009142158, 0, 
202009150812, 1, 
202009152236, 0, 
202009160926, 1, 
202009162310, 0, 
202009171042, 1, 
202009172342, 0, 
202009181158, 1, 
202009190012, 0, 
202009191314, 1, 
202009200044, 0, 
202009201428, 1, 
202009210118, 0, 
202009211544, 1, 
202009220156, 0, 
202009221656, 1, 
202009230240, 0, 
202009231804, 1, 
202009240330, 0, 
202009241904, 1, 
202009250424, 0, 
202009251956, 1, 
202009260526, 0, 
202009262040, 1, 
202009270628, 0, 
202009272116, 1, 
202009280730, 0, 
202009282148, 1, 
202009290832, 0, 
202009292216, 1, 
202009300932, 0, 
202009302240, 1, 
202010011030, 0, 
202010012304, 1, 
202010021128, 0, 
202010022326, 1, 
202010031226, 0, 
202010032350, 1, 
202010041326, 0, 
202010050016, 1, 
202010051424, 0, 
202010060046, 1, 
202010061524, 0, 
202010070118, 1, 
202010071624, 0, 
202010080158, 1, 
202010081722, 0, 
202010090244, 1, 
202010091816, 0, 
202010100338, 1, 
202010101906, 0, 
202010110440, 1, 
202010111950, 0, 
202010120548, 1, 
202010122030, 0, 
202010130700, 1, 
202010132104, 0, 
202010140814, 1, 
202010142136, 0, 
202010150928, 1, 
202010152208, 0, 
202010161046, 1, 
202010162238, 0, 
202010171202, 1, 
202010172312, 0, 
202010181320, 1, 
202010182348, 0, 
202010191438, 1, 
202010200032, 0, 
202010201550, 1, 
202010210120, 0, 
202010211656, 1, 
202010220216, 0, 
202010221754, 1, 
202010230316, 0, 
202010231840, 1, 
202010240420, 0, 
202010241920, 1, 
202010250522, 0, 
202010251952, 1, 
202010260624, 0, 
202010262020, 1, 
202010270726, 0, 
202010272046, 1, 
202010280824, 0, 
202010282108, 1, 
202010290922, 0, 
202010292132, 1, 
202010301020, 0, 
202010302156, 1, 
202010311118, 0, 
202010312220, 1, 
202011011218, 0, 
202011012248, 1, 
202011021318, 0, 
202011022320, 1, 
202011031418, 0, 
202011032356, 1, 
202011041516, 0, 
202011050040, 1, 
202011051612, 0, 
202011060132, 1, 
202011061704, 0, 
202011070230, 1, 
202011071748, 0, 
202011080334, 1, 
202011081828, 0, 
202011090440, 1, 
202011091902, 0, 
202011100552, 1, 
202011101934, 0, 
202011110704, 1, 
202011112004, 0, 
202011120816, 1, 
202011122034, 0, 
202011130932, 1, 
202011132106, 0, 
202011141050, 1, 
202011142140, 0, 
202011151208, 1, 
202011152220, 0, 
202011161326, 1, 
202011162306, 0, 
202011171438, 1, 
202011180000, 0, 
202011181542, 1, 
202011190100, 0, 
202011191634, 1, 
202011200204, 0, 
202011201718, 1, 
202011210310, 0, 
202011211754, 1, 
202011220414, 0, 
202011221824, 1, 
202011230516, 0, 
202011231850, 1, 
202011240616, 0, 
202011241914, 1, 
202011250716, 0, 
202011251936, 1, 
202011260812, 0, 
202011262000, 1, 
202011270912, 0, 
202011272024, 1, 
202011281010, 0, 
202011282050, 1, 
202011291110, 0, 
202011292120, 1, 
202011301210, 0, 
202011302156, 1, 
202012011310, 0, 
202012012238, 1, 
202012021408, 0, 
202012022328, 1, 
202012031502, 0, 
202012040024, 1, 
202012041548, 0, 
202012050126, 1, 
202012051630, 0, 
202012060232, 1, 
202012061704, 0, 
202012070340, 1, 
202012071736, 0, 
202012080448, 1, 
202012081806, 0, 
202012090558, 1, 
202012091834, 0, 
202012100710, 1, 
202012101902, 0, 
202012110824, 1, 
202012111934, 0, 
202012120940, 1, 
202012122010, 0, 
202012131056, 1, 
202012132052, 0, 
202012141212, 1, 
202012142142, 0, 
202012151320, 1, 
202012152240, 0, 
202012161420, 1, 
202012162344, 0, 
202012171510, 1, 
202012180052, 0, 
202012181552, 1, 
202012190158, 0, 
202012191624, 1, 
202012200304, 0, 
202012201652, 1, 
202012210406, 0, 
202012211718, 1, 
202012220506, 0, 
202012221740, 1, 
202012230604, 0, 
202012231804, 1, 
202012240702, 0, 
202012241828, 1, 
202012250800, 0, 
202012251852, 1, 
202012260900, 0, 
202012261922, 1, 
202012271000, 0, 
202012271954, 1, 
202012281102, 0, 
202012282034, 1, 
202012291200, 0, 
202012292122, 1, 
202012301256, 0, 
202012302216, 1, 
202012311346, 0, 
202012312318, 1, 
202101011430, 0, 
202101020024, 1, 
202101021506, 0, 
202101030132, 1, 
202101031540, 0, 
202101040240, 1, 
202101041610, 0, 
202101050350, 1, 
202101051638, 0, 
202101060458, 1, 
202101061704, 0, 
202101070610, 1, 
202101071734, 0, 
202101080722, 1, 
202101081806, 0, 
202101090836, 1, 
202101091844, 0, 
202101100950, 1, 
202101101928, 0, 
202101111100, 1, 
202101112022, 0, 
202101121204, 1, 
202101122122, 0, 
202101131258, 1, 
202101132230, 0, 
202101141344, 1, 
202101142338, 0, 
202101151420, 1, 
202101160044, 0, 
202101161452, 1, 
202101170150, 0, 
202101171518, 1, 
202101180252, 0, 
202101181542, 1, 
202101190352, 0, 
202101191606, 1, 
202101200450, 0, 
202101201630, 1, 
202101210548, 0, 
202101211654, 1, 
202101220648, 0, 
202101221720, 1, 
202101230748, 0, 
202101231752, 1, 
202101240848, 0, 
202101241828, 1, 
202101250948, 0, 
202101251912, 1, 
202101261046, 0, 
202101262004, 1, 
202101271138, 0, 
202101272104, 1, 
202101281224, 0, 
202101282210, 1, 
202101291306, 0, 
202101292318, 1, 
202101301340, 0, 
202101310030, 1, 
202101311412, 0, 
202102010140, 1, 
202102011440, 0, 
202102020250, 1, 
202102021508, 0, 
202102030402, 1, 
202102031536, 0, 
202102040512, 1, 
202102041608, 0, 
202102050626, 1, 
202102051642, 0, 
202102060738, 1, 
202102061724, 0, 
202102070848, 1, 
202102071812, 0, 
202102080952, 1, 
202102081910, 0, 
202102091050, 1, 
202102092012, 0, 
202102101136, 1, 
202102102120, 0, 
202102111216, 1, 
202102112226, 0, 
202102121250, 1, 
202102122332, 0, 
202102131318, 1, 
202102140036, 0, 
202102141344, 1, 
202102150138, 0, 
202102151408, 1, 
202102160238, 0, 
202102161430, 1, 
202102170336, 0, 
202102171454, 1, 
202102180436, 0, 
202102181520, 1, 
202102190536, 0, 
202102191550, 1, 
202102200636, 0, 
202102201622, 1, 
202102210734, 0, 
202102211704, 1, 
202102220832, 0, 
202102221750, 1, 
202102230926, 0, 
202102231846, 1, 
202102241016, 0, 
202102241950, 1, 
202102251100, 0, 
202102252058, 1, 
202102261136, 0, 
202102262210, 1, 
202102271210, 0, 
202102272322, 1, 
202102281240, 0, 
202103010036, 1, 
202103011310, 0, 
202103020148, 1, 
202103021338, 0, 
202103030302, 1, 
202103031408, 0, 
202103040416, 1, 
202103041442, 0, 
202103050530, 1, 
202103051522, 0, 
202103060640, 1, 
202103061608, 0, 
202103070746, 1, 
202103071702, 0, 
202103080846, 1, 
202103081804, 0, 
202103090934, 1, 
202103091908, 0, 
202103101016, 1, 
202103102014, 0, 
202103111050, 1, 
202103112120, 0, 
202103121120, 1, 
202103122224, 0, 
202103131146, 1, 
202103132326, 0, 
202103141210, 1, 
202103150026, 0, 
202103151232, 1, 
202103160126, 0, 
202103161256, 1, 
202103170226, 0, 
202103171320, 1, 
202103180324, 0, 
202103181348, 1, 
202103190424, 0, 
202103191420, 1, 
202103200524, 0, 
202103201456, 1, 
202103210622, 0, 
202103211540, 1, 
202103220716, 0, 
202103221632, 1, 
202103230808, 0, 
202103231730, 1, 
202103240852, 0, 
202103241836, 1, 
202103250932, 0, 
202103251946, 1, 
202103261006, 0, 
202103262058, 1, 
202103271038, 0, 
202103272210, 1, 
202103281106, 0, 
202103282326, 1, 
202103291136, 0, 
202103300040, 1, 
202103301206, 0, 
202103310158, 1, 
202103311240, 0, 
202104010314, 1, 
202104011318, 0, 
202104020430, 1, 
202104021404, 0, 
202104030540, 1, 
202104031456, 0, 
202104040642, 1, 
202104041556, 0, 
202104050734, 1, 
202104051700, 0, 
202104060818, 1, 
202104061806, 0, 
202104070854, 1, 
202104071912, 0, 
202104080924, 1, 
202104082016, 0, 
202104090950, 1, 
202104092118, 0, 
202104101014, 1, 
202104102218, 0, 
202104111036, 1, 
202104112318, 0, 
202104121100, 1, 
202104130016, 0, 
202104131124, 1, 
202104140116, 0, 
202104141150, 1, 
202104150216, 0, 
202104151220, 1, 
202104160316, 0, 
202104161254, 1, 
202104170414, 0, 
202104171334, 1, 
202104180510, 0, 
202104181422, 1, 
202104190602, 0, 
202104191518, 1, 
202104200648, 0, 
202104201618, 1, 
202104210728, 0, 
202104211724, 1, 
202104220804, 0, 
202104221834, 1, 
202104230834, 0, 
202104231944, 1, 
202104240904, 0, 
202104242058, 1, 
202104250932, 0, 
202104252212, 1, 
202104261002, 0, 
202104262330, 1, 
202104271034, 0, 
202104280048, 1, 
202104281110, 0, 
202104290208, 1, 
202104291154, 0, 
202104300324, 1, 
202104301244, 0, 
202105010432, 1, 
202105011344, 0, 
202105020530, 1, 
202105021450, 0, 
202105030618, 1, 
202105031556, 0, 
202105040656, 1, 
202105041704, 0, 
202105050728, 1, 
202105051808, 0, 
202105060756, 1, 
202105061912, 0, 
202105070820, 1, 
202105072012, 0, 
202105080842, 1, 
202105082110, 0, 
202105090904, 1, 
202105092210, 0, 
202105100928, 1, 
202105102308, 0, 
202105110954, 1, 
202105120008, 0, 
202105121022, 1, 
202105130108, 0, 
202105131054, 1, 
202105140208, 0, 
202105141132, 1, 
202105150306, 0, 
202105151218, 1, 
202105160358, 0, 
202105161310, 1, 
202105170446, 0, 
202105171408, 1, 
202105180526, 0, 
202105181512, 1, 
202105190602, 0, 
202105191618, 1, 
202105200634, 0, 
202105201726, 1, 
202105210704, 0, 
202105211836, 1, 
202105220732, 0, 
202105221948, 1, 
202105230758, 0, 
202105232102, 1, 
202105240828, 0, 
202105242218, 1, 
202105250902, 0, 
202105252338, 1, 
202105260942, 0, 
202105270056, 1, 
202105271030, 0, 
202105280212, 1, 
202105281126, 0, 
202105290318, 1, 
202105291230, 0, 
202105300412, 1, 
202105301340, 0, 
202105310456, 1, 
202105311450, 0, 
202106010530, 1, 
202106011558, 0, 
202106020600, 1, 
202106021702, 0, 
202106030624, 1, 
202106031804, 0, 
202106040648, 1, 
202106041904, 0, 
